19120011032154∂Ãﬁº∑∂ﬁ≤º‘∏‹ ◊                          03270138               333               20105377                 
20009               402                   17243156≈∂ﬁ…⁄µ                        00000046001110321540000010010  0        
20005               480                   13582669∂‹ ◊∂ΩﬁÀª                     00000059231110321540000010001  0        
20010               373                   10091141∆º∂‹±∑À∫                      00000047001110321540000010002  0        
20138               328                   11142696≈∂ ¿¿πº                       00000047001110321540000010003  0        
22963               667                   10123134— ›œƒﬁ¿ÿ¬∏Àﬁ›…∞Ÿ±Ωﬁ–          00000047001110321540000010004  0        
20138               342                   11020448º›‘ ‘–                        00000047001110321540000010005  0        
21280               036                   10215383∂‹ÕﬁÃ–¿∂                      00000047001110321540000010008  0        
20138               340                   11440877ÃŸ∂‹–ΩﬁŒ                      00000001001110321540000010007  0        
29900               058                   15159950ƒ∂º∑’∂                        00000001001110321540000010009  0        
20138               359                   16244593¥Àﬁ∫¡À€                       00000001001110321540000010011  0        
8000010000000034323000000000000000000000000000000000000                                                                 
9                                                                                                                       
