20009               402                   17243156≈∂ﬁ…⁄µ                        0000004600111032154  02009375710        
20005               480                   13582669∂‹ ◊∂ΩﬁÀª                     0000005923111032154  02001103100        
20138               352                   11131609ª∂¿ºﬁ’›ºﬁ                     0000000000111032154  02001103360        
20010               373                   10091141∆º∂‹±∑À∫                      0000004700111032154  02005266140        
20138               328                   11142696≈∂ ¿¿πº                       0000004700111032154  02008624490        
22963               667                   1123134 — ›œƒﬁ¿ÿ¬∏Àﬁ›…∞Ÿ±Ωﬁ–          0000004700111032154  02005118300        
20138               342                   11020448º›‘ ‘–                        0000004700111032154  02005767590        
21280               036                   10215383∂‹ÕﬁÃ–¿∂                      0000004700111032154  02006240470        
20138               340                   11440877ÃŸ∂‹–ΩﬁŒ                      0000000100111032154  02009221930        
29900               058                   15159950ƒ∂º∑’∂                        0000000100111032154  02009012880        
20138               359                   16244593¥Àﬁ∫¡À€                       0000000100111032154  00000002000        
